0,570
0,567
0,566
0,565
0,563
0,561
0,560
0,559
0,555
0,543
0,523
0,522
0,519
0,518
0,516
0,382
0,381
0,380
0,379
0,378
0,377
0,376
0,375
0,374
0,373
0,372
0,371
0,370
0,369
0,367
0,366
0,365
0,364
0,363
0,362
0,361
0,359
0,357
0,356
0,355
0,354
0,353
0,352
0,351
0,350
0,349
0,348
0,347
0,346
0,345
0,344
0,343
0,342
0,341
90,7
0,340
0,339
0,338
0,337
0,327
332,36
332,35
139,2
139,1
138,130
138,129
138,128
138,127
138,126
138,125
138,124
138,123
138,122
138,121
138,120
138,119
138,118
138,117
138,116
138,115
138,114
138,113
138,112
138,111
138,110
138,109
138,108
138,107
138,106
138,105
138,104
138,103
138,102
138,101
138,100
138,99
138,98
138,97
138,96
138,95
138,94
138,93
138,92
138,91
138,90
138,89
138,88
138,87
138,86
138,85
138,84
138,83
138,82
138,81
138,80
138,79
138,78
138,77
138,76
138,75
138,74
138,73
138,72
138,71
138,70
138,69
138,68
138,67
138,66
138,65
138,64
138,35
138,34
138,33
138,32
138,31
138,30
138,29
138,28
138,27
138,26
138,25
138,24
138,23
138,22
138,21
138,20
138,19
138,18
138,17
138,16
138,15
138,14
138,13
138,12
138,11
138,10
138,1
90,6
90,5
58,128
58,100
58,99
58,98
58,97
58,96
58,95
58,94
58,93
58,92
58,91
58,90
2,2
2,1
2,3
58,89
58,88
58,11
58,10
20,3
20,2
20,1
19,3
19,2
19,1
18,3
18,1
14,4
0,336
0,334
0,333
0,332
0,331
0,329
